data/dem.asc
ncols         100
nrows         100
xllcorner     0.0
yllcorner     0.0
cellsize      10.0
NODATA_value  -9999
[rows 34 to 67 of 100, columns 0 to 76 of 100]
15.49 15.29 15.09 14.90 14.71 14.53 14.35 14.18 14.00 13.84 13.67 13.51 13.36 13.21 13.06 12.92 12.78 12.65 12.52 12.39 12.27 12.15 12.03 11.92 11.82 11.72 11.62 11.52 11.43 11.35 11.27 11.19 11.12 11.05 10.98 10.92 10.86 10.81 10.76 10.72 10.67 10.64 10.61 10.58 10.55 10.53 10.52 10.50 10.49 10.49 10.49 10.49 10.50 10.52 10.53 10.55 10.58 10.61 10.64 10.67 10.72 10.76 10.81 10.86 10.92 10.98 11.05 11.12 11.19 11.27 11.35 11.43 11.52 11.62 11.72 11.82 11.92
15.43 15.23 15.03 14.84 14.65 14.47 14.29 14.11 13.94 13.78 13.61 13.45 13.30 13.15 13.00 12.86 12.72 12.58 12.45 12.33 12.20 12.09 11.97 11.86 11.76 11.65 11.56 11.46 11.37 11.29 11.20 11.13 11.05 10.98 10.92 10.86 10.80 10.75 10.70 10.65 10.61 10.58 10.54 10.52 10.49 10.47 10.45 10.44 10.43 10.43 10.43 10.43 10.44 10.45 10.47 10.49 10.52 10.54 10.58 10.61 10.65 10.70 10.75 10.80 10.86 10.92 10.98 11.05 11.13 11.20 11.29 11.37 11.46 11.56 11.65 11.76 11.86
15.37 15.17 14.98 14.78 14.60 14.41 14.23 14.06 13.89 13.72 13.56 13.40 13.24 13.09 12.94 12.80 12.66 12.53 12.40 12.27 12.15 12.03 11.92 11.80 11.70 11.60 11.50 11.40 11.32 11.23 11.15 11.07 11.00 10.93 10.86 10.80 10.74 10.69 10.64 10.60 10.56 10.52 10.49 10.46 10.43 10.41 10.40 10.38 10.38 10.37 10.37 10.38 10.38 10.40 10.41 10.43 10.46 10.49 10.52 10.56 10.60 10.64 10.69 10.74 10.80 10.86 10.93 11.00 11.07 11.15 11.23 11.32 11.40 11.50 11.60 11.70 11.80
15.32 15.12 14.92 14.73 14.54 14.36 14.18 14.00 13.83 13.67 13.50 13.34 13.19 13.04 12.89 12.75 12.61 12.47 12.34 12.22 12.09 11.98 11.86 11.75 11.65 11.54 11.45 11.35 11.26 11.18 11.09 11.02 10.94 10.87 10.81 10.75 10.69 10.64 10.59 10.54 10.50 10.47 10.43 10.41 10.38 10.36 10.34 10.33 10.32 10.32 10.32 10.32 10.33 10.34 10.36 10.38 10.41 10.43 10.47 10.50 10.54 10.59 10.64 10.69 10.75 10.81 10.87 10.94 11.02 11.09 11.18 11.26 11.35 11.45 11.54 11.65 11.75
15.27 15.07 14.87 14.68 14.49 14.31 14.13 13.96 13.78 13.62 13.45 13.29 13.14 12.99 12.84 12.70 12.56 12.43 12.29 12.17 12.05 11.93 11.81 11.70 11.60 11.49 11.40 11.30 11.21 11.13 11.05 10.97 10.89 10.83 10.76 10.70 10.64 10.59 10.54 10.49 10.45 10.42 10.38 10.36 10.33 10.31 10.29 10.28 10.27 10.27 10.27 10.27 10.28 10.29 10.31 10.33 10.36 10.38 10.42 10.45 10.49 10.54 10.59 10.64 10.70 10.76 10.83 10.89 10.97 11.05 11.13 11.21 11.30 11.40 11.49 11.60 11.70
15.22 15.02 14.83 14.64 14.45 14.27 14.09 13.91 13.74 13.57 13.41 13.25 13.09 12.94 12.80 12.65 12.52 12.38 12.25 12.12 12.00 11.88 11.77 11.66 11.55 11.45 11.35 11.26 11.17 11.08 11.00 10.92 10.85 10.78 10.72 10.65 10.60 10.54 10.49 10.45 10.41 10.37 10.34 10.31 10.29 10.27 10.25 10.24 10.23 10.23 10.23 10.23 10.24 10.25 10.27 10.29 10.31 10.34 10.37 10.41 10.45 10.49 10.54 10.60 10.65 10.72 10.78 10.85 10.92 11.00 11.08 11.17 11.26 11.35 11.45 11.55 11.66
15.18 14.98 14.79 14.60 14.41 14.23 14.05 13.87 13.70 13.53 13.37 13.21 13.05 12.90 12.76 12.61 12.47 12.34 12.21 12.08 11.96 11.84 11.73 11.62 11.51 11.41 11.31 11.22 11.13 11.04 10.96 10.88 10.81 10.74 10.67 10.61 10.56 10.50 10.45 10.41 10.37 10.33 10.30 10.27 10.25 10.23 10.21 10.20 10.19 10.18 10.18 10.19 10.20 10.21 10.23 10.25 10.27 10.30 10.33 10.37 10.41 10.45 10.50 10.56 10.61 10.67 10.74 10.81 10.88 10.96 11.04 11.13 11.22 11.31 11.41 11.51 11.62
15.15 14.95 14.75 14.56 14.37 14.19 14.01 13.83 13.66 13.49 13.33 13.17 13.02 12.87 12.72 12.58 12.44 12.30 12.17 12.05 11.92 11.80 11.69 11.58 11.47 11.37 11.27 11.18 11.09 11.00 10.92 10.85 10.77 10.70 10.64 10.58 10.52 10.47 10.42 10.37 10.33 10.29 10.26 10.23 10.21 10.19 10.17 10.16 10.15 10.15 10.15 10.15 10.16 10.17 10.19 10.21 10.23 10.26 10.29 10.33 10.37 10.42 10.47 10.52 10.58 10.64 10.70 10.77 10.85 10.92 11.00 11.09 11.18 11.27 11.37 11.47 11.58
15.11 14.91 14.72 14.53 14.34 14.16 13.98 13.80 13.63 13.46 13.30 13.14 12.98 12.83 12.69 12.54 12.40 12.27 12.14 12.01 11.89 11.77 11.66 11.55 11.44 11.34 11.24 11.15 11.06 10.97 10.89 10.81 10.74 10.67 10.61 10.54 10.49 10.43 10.38 10.34 10.30 10.26 10.23 10.20 10.18 10.16 10.14 10.13 10.12 10.12 10.12 10.12 10.13 10.14 10.16 10.18 10.20 10.23 10.26 10.30 10.34 10.38 10.43 10.49 10.54 10.61 10.67 10.74 10.81 10.89 10.97 11.06 11.15 11.24 11.34 11.44 11.55
15.09 14.89 14.69 14.50 14.31 14.13 13.95 13.77 13.60 13.43 13.27 13.11 12.96 12.80 12.66 12.52 12.38 12.24 12.11 11.98 11.86 11.74 11.63 11.52 11.41 11.31 11.21 11.12 11.03 10.94 10.86 10.78 10.71 10.64 10.58 10.52 10.46 10.41 10.36 10.31 10.27 10.23 10.20 10.17 10.15 10.13 10.11 10.10 10.09 10.09 10.09 10.09 10.10 10.11 10.13 10.15 10.17 10.20 10.23 10.27 10.31 10.36 10.41 10.46 10.52 10.58 10.64 10.71 10.78 10.86 10.94 11.03 11.12 11.21 11.31 11.41 11.52
15.06 14.86 14.67 14.47 14.29 14.10 13.92 13.75 13.58 13.41 13.25 13.09 12.93 12.78 12.63 12.49 12.35 12.22 12.09 11.96 11.84 11.72 11.60 11.49 11.39 11.29 11.19 11.09 11.00 10.92 10.84 10.76 10.69 10.62 10.55 10.49 10.43 10.38 10.33 10.29 10.25 10.21 10.18 10.15 10.12 10.10 10.09 10.07 10.07 10.06 10.06 10.07 10.07 10.09 10.10 10.12 10.15 10.18 10.21 10.25 10.29 10.33 10.38 10.43 10.49 10.55 10.62 10.69 10.76 10.84 10.92 11.00 11.09 11.19 11.29 11.39 11.49
15.04 14.84 14.65 14.45 14.27 14.08 13.90 13.73 13.56 13.39 13.23 13.07 12.91 12.76 12.61 12.47 12.33 12.20 12.07 11.94 11.82 11.70 11.58 11.47 11.37 11.27 11.17 11.07 10.98 10.90 10.82 10.74 10.67 10.60 10.53 10.47 10.41 10.36 10.31 10.27 10.23 10.19 10.16 10.13 10.10 10.08 10.07 10.05 10.05 10.04 10.04 10.05 10.05 10.07 10.08 10.10 10.13 10.16 10.19 10.23 10.27 10.31 10.36 10.41 10.47 10.53 10.60 10.67 10.74 10.82 10.90 10.98 11.07 11.17 11.27 11.37 11.47
15.02 14.83 14.63 14.44 14.25 14.07 13.89 13.71 13.54 13.37 13.21 13.05 12.89 12.74 12.60 12.45 12.32 12.18 12.05 11.92 11.80 11.68 11.57 11.46 11.35 11.25 11.15 11.06 10.97 10.88 10.80 10.72 10.65 10.58 10.52 10.45 10.40 10.34 10.29 10.25 10.21 10.17 10.14 10.11 10.09 10.07 10.05 10.04 10.03 10.03 10.03 10.03 10.04 10.05 10.07 10.09 10.11 10.14 10.17 10.21 10.25 10.29 10.34 10.40 10.45 10.52 10.58 10.65 10.72 10.80 10.88 10.97 11.06 11.15 11.25 11.35 11.46
15.01 14.81 14.62 14.43 14.24 14.05 13.87 13.70 13.53 13.36 13.20 13.04 12.88 12.73 12.58 12.44 12.30 12.17 12.04 11.91 11.79 11.67 11.56 11.45 11.34 11.24 11.14 11.05 10.96 10.87 10.79 10.71 10.64 10.57 10.50 10.44 10.38 10.33 10.28 10.24 10.20 10.16 10.13 10.10 10.07 10.05 10.04 10.03 10.02 10.01 10.01 10.02 10.03 10.04 10.05 10.07 10.10 10.13 10.16 10.20 10.24 10.28 10.33 10.38 10.44 10.50 10.57 10.64 10.71 10.79 10.87 10.96 11.05 11.14 11.24 11.34 11.45
15.00 14.80 14.61 14.42 14.23 14.05 13.87 13.69 13.52 13.35 13.19 13.03 12.87 12.72 12.58 12.43 12.29 12.16 12.03 11.90 11.78 11.66 11.55 11.44 11.33 11.23 11.13 11.04 10.95 10.86 10.78 10.70 10.63 10.56 10.49 10.43 10.38 10.32 10.27 10.23 10.19 10.15 10.12 10.09 10.07 10.05 10.03 10.02 10.01 10.01 10.01 10.01 10.02 10.03 10.05 10.07 10.09 10.12 10.15 10.19 10.23 10.27 10.32 10.38 10.43 10.49 10.56 10.63 10.70 10.78 10.86 10.95 11.04 11.13 11.23 11.33 11.44
15.00 14.80 14.60 14.41 14.23 14.04 13.86 13.69 13.51 13.35 13.18 13.03 12.87 12.72 12.57 12.43 12.29 12.16 12.03 11.90 11.78 11.66 11.54 11.43 11.33 11.23 11.13 11.03 10.94 10.86 10.78 10.70 10.63 10.56 10.49 10.43 10.37 10.32 10.27 10.23 10.18 10.15 10.12 10.09 10.06 10.04 10.03 10.01 10.01 10.00 10.00 10.01 10.01 10.03 10.04 10.06 10.09 10.12 10.15 10.18 10.23 10.27 10.32 10.37 10.43 10.49 10.56 10.63 10.70 10.78 10.86 10.94 11.03 11.13 11.23 11.33 11.43
15.00 14.80 14.60 14.41 14.23 14.04 13.86 13.69 13.51 13.35 13.18 13.03 12.87 12.72 12.57 12.43 12.29 12.16 12.03 11.90 11.78 11.66 11.54 11.43 11.33 11.23 11.13 11.03 10.94 10.86 10.78 10.70 10.63 10.56 10.49 10.43 10.37 10.32 10.27 10.23 10.18 10.15 10.12 10.09 10.06 10.04 10.03 10.01 10.01 10.00 10.00 10.01 10.01 10.03 10.04 10.06 10.09 10.12 10.15 10.18 10.23 10.27 10.32 10.37 10.43 10.49 10.56 10.63 10.70 10.78 10.86 10.94 11.03 11.13 11.23 11.33 11.43
15.00 14.80 14.61 14.42 14.23 14.05 13.87 13.69 13.52 13.35 13.19 13.03 12.87 12.72 12.58 12.43 12.29 12.16 12.03 11.90 11.78 11.66 11.55 11.44 11.33 11.23 11.13 11.04 10.95 10.86 10.78 10.70 10.63 10.56 10.49 10.43 10.38 10.32 10.27 10.23 10.19 10.15 10.12 10.09 10.07 10.05 10.03 10.02 10.01 10.01 10.01 10.01 10.02 10.03 10.05 10.07 10.09 10.12 10.15 10.19 10.23 10.27 10.32 10.38 10.43 10.49 10.56 10.63 10.70 10.78 10.86 10.95 11.04 11.13 11.23 11.33 11.44
15.01 14.81 14.62 14.43 14.24 14.05 13.87 13.70 13.53 13.36 13.20 13.04 12.88 12.73 12.58 12.44 12.30 12.17 12.04 11.91 11.79 11.67 11.56 11.45 11.34 11.24 11.14 11.05 10.96 10.87 10.79 10.71 10.64 10.57 10.50 10.44 10.38 10.33 10.28 10.24 10.20 10.16 10.13 10.10 10.07 10.05 10.04 10.03 10.02 10.01 10.01 10.02 10.03 10.04 10.05 10.07 10.10 10.13 10.16 10.20 10.24 10.28 10.33 10.38 10.44 10.50 10.57 10.64 10.71 10.79 10.87 10.96 11.05 11.14 11.24 11.34 11.45
15.02 14.83 14.63 14.44 14.25 14.07 13.89 13.71 13.54 13.37 13.21 13.05 12.89 12.74 12.60 12.45 12.32 12.18 12.05 11.92 11.80 11.68 11.57 11.46 11.35 11.25 11.15 11.06 10.97 10.88 10.80 10.72 10.65 10.58 10.52 10.45 10.40 10.34 10.29 10.25 10.21 10.17 10.14 10.11 10.09 10.07 10.05 10.04 10.03 10.03 10.03 10.03 10.04 10.05 10.07 10.09 10.11 10.14 10.17 10.21 10.25 10.29 10.34 10.40 10.45 10.52 10.58 10.65 10.72 10.80 10.88 10.97 11.06 11.15 11.25 11.35 11.46
15.04 14.84 14.65 14.45 14.27 14.08 13.90 13.73 13.56 13.39 13.23 13.07 12.91 12.76 12.61 12.47 12.33 12.20 12.07 11.94 11.82 11.70 11.58 11.47 11.37 11.27 11.17 11.07 10.98 10.90 10.82 10.74 10.67 10.60 10.53 10.47 10.41 10.36 10.31 10.27 10.23 10.19 10.16 10.13 10.10 10.08 10.07 10.05 10.05 10.04 10.04 10.05 10.05 10.07 10.08 10.10 10.13 10.16 10.19 10.23 10.27 10.31 10.36 10.41 10.47 10.53 10.60 10.67 10.74 10.82 10.90 10.98 11.07 11.17 11.27 11.37 11.47
15.06 14.86 14.67 14.47 14.29 14.10 13.92 13.75 13.58 13.41 13.25 13.09 12.93 12.78 12.63 12.49 12.35 12.22 12.09 11.96 11.84 11.72 11.60 11.49 11.39 11.29 11.19 11.09 11.00 10.92 10.84 10.76 10.69 10.62 10.55 10.49 10.43 10.38 10.33 10.29 10.25 10.21 10.18 10.15 10.12 10.10 10.09 10.07 10.07 10.06 10.06 10.07 10.07 10.09 10.10 10.12 10.15 10.18 10.21 10.25 10.29 10.33 10.38 10.43 10.49 10.55 10.62 10.69 10.76 10.84 10.92 11.00 11.09 11.19 11.29 11.39 11.49
15.09 14.89 14.69 14.50 14.31 14.13 13.95 13.77 13.60 13.43 13.27 13.11 12.96 12.80 12.66 12.52 12.38 12.24 12.11 11.98 11.86 11.74 11.63 11.52 11.41 11.31 11.21 11.12 11.03 10.94 10.86 10.78 10.71 10.64 10.58 10.52 10.46 10.41 10.36 10.31 10.27 10.23 10.20 10.17 10.15 10.13 10.11 10.10 10.09 10.09 10.09 10.09 10.10 10.11 10.13 10.15 10.17 10.20 10.23 10.27 10.31 10.36 10.41 10.46 10.52 10.58 10.64 10.71 10.78 10.86 10.94 11.03 11.12 11.21 11.31 11.41 11.52
15.11 14.91 14.72 14.53 14.34 14.16 13.98 13.80 13.63 13.46 13.30 13.14 12.98 12.83 12.69 12.54 12.40 12.27 12.14 12.01 11.89 11.77 11.66 11.55 11.44 11.34 11.24 11.15 11.06 10.97 10.89 10.81 10.74 10.67 10.61 10.54 10.49 10.43 10.38 10.34 10.30 10.26 10.23 10.20 10.18 10.16 10.14 10.13 10.12 10.12 10.12 10.12 10.13 10.14 10.16 10.18 10.20 10.23 10.26 10.30 10.34 10.38 10.43 10.49 10.54 10.61 10.67 10.74 10.81 10.89 10.97 11.06 11.15 11.24 11.34 11.44 11.55
15.15 14.95 14.75 14.56 14.37 14.19 14.01 13.83 13.66 13.49 13.33 13.17 13.02 12.87 12.72 12.58 12.44 12.30 12.17 12.05 11.92 11.80 11.69 11.58 11.47 11.37 11.27 11.18 11.09 11.00 10.92 10.85 10.77 10.70 10.64 10.58 10.52 10.47 10.42 10.37 10.33 10.29 10.26 10.23 10.21 10.19 10.17 10.16 10.15 10.15 10.15 10.15 10.16 10.17 10.19 10.21 10.23 10.26 10.29 10.33 10.37 10.42 10.47 10.52 10.58 10.64 10.70 10.77 10.85 10.92 11.00 11.09 11.18 11.27 11.37 11.47 11.58
15.18 14.98 14.79 14.60 14.41 14.23 14.05 13.87 13.70 13.53 13.37 13.21 13.05 12.90 12.76 12.61 12.47 12.34 12.21 12.08 11.96 11.84 11.73 11.62 11.51 11.41 11.31 11.22 11.13 11.04 10.96 10.88 10.81 10.74 10.67 10.61 10.56 10.50 10.45 10.41 10.37 10.33 10.30 10.27 10.25 10.23 10.21 10.20 10.19 10.18 10.18 10.19 10.20 10.21 10.23 10.25 10.27 10.30 10.33 10.37 10.41 10.45 10.50 10.56 10.61 10.67 10.74 10.81 10.88 10.96 11.04 11.13 11.22 11.31 11.41 11.51 11.62
15.22 15.02 14.83 14.64 14.45 14.27 14.09 13.91 13.74 13.57 13.41 13.25 13.09 12.94 12.80 12.65 12.52 12.38 12.25 12.12 12.00 11.88 11.77 11.66 11.55 11.45 11.35 11.26 11.17 11.08 11.00 10.92 10.85 10.78 10.72 10.65 10.60 10.54 10.49 10.45 10.41 10.37 10.34 10.31 10.29 10.27 10.25 10.24 10.23 10.23 10.23 10.23 10.24 10.25 10.27 10.29 10.31 10.34 10.37 10.41 10.45 10.49 10.54 10.60 10.65 10.72 10.78 10.85 10.92 11.00 11.08 11.17 11.26 11.35 11.45 11.55 11.66
15.27 15.07 14.87 14.68 14.49 14.31 14.13 13.96 13.78 13.62 13.45 13.29 13.14 12.99 12.84 12.70 12.56 12.43 12.29 12.17 12.05 11.93 11.81 11.70 11.60 11.49 11.40 11.30 11.21 11.13 11.05 10.97 10.89 10.83 10.76 10.70 10.64 10.59 10.54 10.49 10.45 10.42 10.38 10.36 10.33 10.31 10.29 10.28 10.27 10.27 10.27 10.27 10.28 10.29 10.31 10.33 10.36 10.38 10.42 10.45 10.49 10.54 10.59 10.64 10.70 10.76 10.83 10.89 10.97 11.05 11.13 11.21 11.30 11.40 11.49 11.60 11.70
15.32 15.12 14.92 14.73 14.54 14.36 14.18 14.00 13.83 13.67 13.50 13.34 13.19 13.04 12.89 12.75 12.61 12.47 12.34 12.22 12.09 11.98 11.86 11.75 11.65 11.54 11.45 11.35 11.26 11.18 11.09 11.02 10.94 10.87 10.81 10.75 10.69 10.64 10.59 10.54 10.50 10.47 10.43 10.41 10.38 10.36 10.34 10.33 10.32 10.32 10.32 10.32 10.33 10.34 10.36 10.38 10.41 10.43 10.47 10.50 10.54 10.59 10.64 10.69 10.75 10.81 10.87 10.94 11.02 11.09 11.18 11.26 11.35 11.45 11.54 11.65 11.75
15.37 15.17 14.98 14.78 14.60 14.41 14.23 14.06 13.89 13.72 13.56 13.40 13.24 13.09 12.94 12.80 12.66 12.53 12.40 12.27 12.15 12.03 11.92 11.80 11.70 11.60 11.50 11.40 11.32 11.23 11.15 11.07 11.00 10.93 10.86 10.80 10.74 10.69 10.64 10.60 10.56 10.52 10.49 10.46 10.43 10.41 10.40 10.38 10.38 10.37 10.37 10.38 10.38 10.40 10.41 10.43 10.46 10.49 10.52 10.56 10.60 10.64 10.69 10.74 10.80 10.86 10.93 11.00 11.07 11.15 11.23 11.32 11.40 11.50 11.60 11.70 11.80
15.43 15.23 15.03 14.84 14.65 14.47 14.29 14.11 13.94 13.78 13.61 13.45 13.30 13.15 13.00 12.86 12.72 12.58 12.45 12.33 12.20 12.09 11.97 11.86 11.76 11.65 11.56 11.46 11.37 11.29 11.20 11.13 11.05 10.98 10.92 10.86 10.80 10.75 10.70 10.65 10.61 10.58 10.54 10.52 10.49 10.47 10.45 10.44 10.43 10.43 10.43 10.43 10.44 10.45 10.47 10.49 10.52 10.54 10.58 10.61 10.65 10.70 10.75 10.80 10.86 10.92 10.98 11.05 11.13 11.20 11.29 11.37 11.46 11.56 11.65 11.76 11.86
15.49 15.29 15.09 14.90 14.71 14.53 14.35 14.18 14.00 13.84 13.67 13.51 13.36 13.21 13.06 12.92 12.78 12.65 12.52 12.39 12.27 12.15 12.03 11.92 11.82 11.72 11.62 11.52 11.43 11.35 11.27 11.19 11.12 11.05 10.98 10.92 10.86 10.81 10.76 10.72 10.67 10.64 10.61 10.58 10.55 10.53 10.52 10.50 10.49 10.49 10.49 10.49 10.50 10.52 10.53 10.55 10.58 10.61 10.64 10.67 10.72 10.76 10.81 10.86 10.92 10.98 11.05 11.12 11.19 11.27 11.35 11.43 11.52 11.62 11.72 11.82 11.92
15.56 15.36 15.16 14.97 14.78 14.60 14.42 14.24 14.07 13.90 13.74 13.58 13.43 13.27 13.13 12.98 12.85 12.71 12.58 12.45 12.33 12.21 12.10 11.99 11.88 11.78 11.68 11.59 11.50 11.41 11.33 11.25 11.18 11.11 11.05 10.98 10.93 10.87 10.83 10.78 10.74 10.70 10.67 10.64 10.62 10.60 10.58 10.57 10.56 10.56 10.56 10.56 10.57 10.58 10.60 10.62 10.64 10.67 10.70 10.74 10.78 10.83 10.87 10.93 10.98 11.05 11.11 11.18 11.25 11.33 11.41 11.50 11.59 11.68 11.78 11.88 11.99
15.62 15.42 15.23 15.04 14.85 14.67 14.49 14.31 14.14 13.97 13.81 13.65 13.49 13.34 13.20 13.05 12.92 12.78 12.65 12.52 12.40 12.28 12.17 12.06 11.95 11.85 11.75 11.66 11.57 11.48 11.40 11.32 11.25 11.18 11.12 11.05 11.00 10.94 10.89 10.85 10.81 10.77 10.74 10.71 10.69 10.67 10.65 10.64 10.63 10.63 10.63 10.63 10.64 10.65 10.67 10.69 10.71 10.74 10.77 10.81 10.85 10.89 10.94 11.00 11.05 11.12 11.18 11.25 11.32 11.40 11.48 11.57 11.66 11.75 11.85 11.95 12.06
