data/dem.asc
ncols         100
nrows         100
xllcorner     0.0
yllcorner     0.0
cellsize      10.0
NODATA_value  -9999
[rows 0 to 33 of 100, columns 0 to 76 of 100]
20.00 19.80 19.60 19.41 19.22 19.04 18.86 18.69 18.51 18.35 18.18 18.02 17.87 17.72 17.57 17.43 17.29 17.16 17.02 16.90 16.78 16.66 16.54 16.43 16.33 16.22 16.13 16.03 15.94 15.86 15.78 15.70 15.62 15.56 15.49 15.43 15.37 15.32 15.27 15.22 15.18 15.15 15.11 15.09 15.06 15.04 15.02 15.01 15.00 15.00 15.00 15.00 15.01 15.02 15.04 15.06 15.09 15.11 15.15 15.18 15.22 15.27 15.32 15.37 15.43 15.49 15.56 15.62 15.70 15.78 15.86 15.94 16.03 16.13 16.22 16.33 16.43
19.80 19.60 19.40 19.21 19.02 18.84 18.66 18.49 18.31 18.15 17.98 17.82 17.67 17.52 17.37 17.23 17.09 16.96 16.82 16.70 16.58 16.46 16.34 16.23 16.13 16.02 15.93 15.83 15.74 15.66 15.58 15.50 15.42 15.36 15.29 15.23 15.17 15.12 15.07 15.02 14.98 14.95 14.91 14.89 14.86 14.84 14.83 14.81 14.80 14.80 14.80 14.80 14.81 14.83 14.84 14.86 14.89 14.91 14.95 14.98 15.02 15.07 15.12 15.17 15.23 15.29 15.36 15.42 15.50 15.58 15.66 15.74 15.83 15.93 16.02 16.13 16.23
19.60 19.40 19.21 19.02 18.83 18.65 18.47 18.29 18.12 17.95 17.79 17.63 17.47 17.32 17.18 17.03 16.89 16.76 16.63 16.50 16.38 16.26 16.15 16.04 15.93 15.83 15.73 15.64 15.55 15.46 15.38 15.30 15.23 15.16 15.09 15.03 14.98 14.92 14.87 14.83 14.79 14.75 14.72 14.69 14.67 14.65 14.63 14.62 14.61 14.60 14.60 14.61 14.62 14.63 14.65 14.67 14.69 14.72 14.75 14.79 14.83 14.87 14.92 14.98 15.03 15.09 15.16 15.23 15.30 15.38 15.46 15.55 15.64 15.73 15.83 15.93 16.04
19.41 19.21 19.02 18.82 18.64 18.45 18.27 18.10 17.93 17.76 17.60 17.44 17.28 17.13 16.98 16.84 16.70 16.57 16.44 16.31 16.19 16.07 15.96 15.85 15.74 15.64 15.54 15.45 15.36 15.27 15.19 15.11 15.04 14.97 14.90 14.84 14.78 14.73 14.68 14.64 14.60 14.56 14.53 14.50 14.47 14.45 14.44 14.43 14.42 14.41 14.41 14.42 14.43 14.44 14.45 14.47 14.50 14.53 14.56 14.60 14.64 14.68 14.73 14.78 14.84 14.90 14.97 15.04 15.11 15.19 15.27 15.36 15.45 15.54 15.64 15.74 15.85
19.22 19.02 18.83 18.64 18.45 18.27 18.09 17.91 17.74 17.57 17.41 17.25 17.09 16.94 16.80 16.65 16.51 16.38 16.25 16.12 16.00 15.88 15.77 15.66 15.55 15.45 15.35 15.26 15.17 15.08 15.00 14.92 14.85 14.78 14.71 14.65 14.60 14.54 14.49 14.45 14.41 14.37 14.34 14.31 14.29 14.27 14.25 14.24 14.23 14.23 14.23 14.23 14.24 14.25 14.27 14.29 14.31 14.34 14.37 14.41 14.45 14.49 14.54 14.60 14.65 14.71 14.78 14.85 14.92 15.00 15.08 15.17 15.26 15.35 15.45 15.55 15.66
19.04 18.84 18.65 18.45 18.27 18.08 17.90 17.73 17.56 17.39 17.22 17.07 16.91 16.76 16.61 16.47 16.33 16.20 16.07 15.94 15.82 15.70 15.58 15.47 15.37 15.27 15.17 15.07 14.98 14.90 14.82 14.74 14.67 14.60 14.53 14.47 14.41 14.36 14.31 14.27 14.23 14.19 14.16 14.13 14.10 14.08 14.07 14.05 14.05 14.04 14.04 14.05 14.05 14.07 14.08 14.10 14.13 14.16 14.19 14.23 14.27 14.31 14.36 14.41 14.47 14.53 14.60 14.67 14.74 14.82 14.90 14.98 15.07 15.17 15.27 15.37 15.47
18.86 18.66 18.47 18.27 18.09 17.90 17.72 17.55 17.38 17.21 17.05 16.89 16.73 16.58 16.43 16.29 16.15 16.02 15.89 15.76 15.64 15.52 15.40 15.29 15.19 15.09 14.99 14.89 14.80 14.72 14.64 14.56 14.49 14.42 14.35 14.29 14.23 14.18 14.13 14.09 14.05 14.01 13.98 13.95 13.92 13.90 13.89 13.87 13.87 13.86 13.86 13.87 13.87 13.89 13.90 13.92 13.95 13.98 14.01 14.05 14.09 14.13 14.18 14.23 14.29 14.35 14.42 14.49 14.56 14.64 14.72 14.80 14.89 14.99 15.09 15.19 15.29
18.69 18.49 18.29 18.10 17.91 17.73 17.55 17.37 17.20 17.03 16.87 16.71 16.56 16.40 16.26 16.11 15.98 15.84 15.71 15.58 15.46 15.34 15.23 15.12 15.01 14.91 14.81 14.72 14.63 14.54 14.46 14.38 14.31 14.24 14.18 14.11 14.06 14.00 13.96 13.91 13.87 13.83 13.80 13.77 13.75 13.73 13.71 13.70 13.69 13.69 13.69 13.69 13.70 13.71 13.73 13.75 13.77 13.80 13.83 13.87 13.91 13.96 14.00 14.06 14.11 14.18 14.24 14.31 14.38 14.46 14.54 14.63 14.72 14.81 14.91 15.01 15.12
18.51 18.31 18.12 17.93 17.74 17.56 17.38 17.20 17.03 16.86 16.70 16.54 16.38 16.23 16.09 15.94 15.80 15.67 15.54 15.41 15.29 15.17 15.06 14.95 14.84 14.74 14.64 14.55 14.46 14.37 14.29 14.21 14.14 14.07 14.00 13.94 13.89 13.83 13.78 13.74 13.70 13.66 13.63 13.60 13.58 13.56 13.54 13.53 13.52 13.51 13.51 13.52 13.53 13.54 13.56 13.58 13.60 13.63 13.66 13.70 13.74 13.78 13.83 13.89 13.94 14.00 14.07 14.14 14.21 14.29 14.37 14.46 14.55 14.64 14.74 14.84 14.95
18.35 18.15 17.95 17.76 17.57 17.39 17.21 17.03 16.86 16.69 16.53 16.37 16.22 16.07 15.92 15.78 15.64 15.50 15.37 15.25 15.12 15.00 14.89 14.78 14.67 14.57 14.47 14.38 14.29 14.20 14.12 14.05 13.97 13.90 13.84 13.78 13.72 13.67 13.62 13.57 13.53 13.49 13.46 13.43 13.41 13.39 13.37 13.36 13.35 13.35 13.35 13.35 13.36 13.37 13.39 13.41 13.43 13.46 13.49 13.53 13.57 13.62 13.67 13.72 13.78 13.84 13.90 13.97 14.05 14.12 14.20 14.29 14.38 14.47 14.57 14.67 14.78
18.18 17.98 17.79 17.60 17.41 17.22 17.05 16.87 16.70 16.53 16.37 16.21 16.05 15.90 15.76 15.61 15.47 15.34 15.21 15.08 14.96 14.84 14.73 14.62 14.51 14.41 14.31 14.22 14.13 14.04 13.96 13.88 13.81 13.74 13.67 13.61 13.56 13.50 13.45 13.41 13.37 13.33 13.30 13.27 13.25 13.23 13.21 13.20 13.19 13.18 13.18 13.19 13.20 13.21 13.23 13.25 13.27 13.30 13.33 13.37 13.41 13.45 13.50 13.56 13.61 13.67 13.74 13.81 13.88 13.96 14.04 14.13 14.22 14.31 14.41 14.51 14.62
18.02 17.82 17.63 17.44 17.25 17.07 16.89 16.71 16.54 16.37 16.21 16.05 15.89 15.74 15.60 15.45 15.31 15.18 15.05 14.92 14.80 14.68 14.57 14.46 14.35 14.25 14.15 14.06 13.97 13.88 13.80 13.72 13.65 13.58 13.51 13.45 13.40 13.34 13.29 13.25 13.21 13.17 13.14 13.11 13.09 13.07 13.05 13.04 13.03 13.03 13.03 13.03 13.04 13.05 13.07 13.09 13.11 13.14 13.17 13.21 13.25 13.29 13.34 13.40 13.45 13.51 13.58 13.65 13.72 13.80 13.88 13.97 14.06 14.15 14.25 14.35 14.46
17.87 17.67 17.47 17.28 17.09 16.91 16.73 16.56 16.38 16.22 16.05 15.89 15.74 15.59 15.44 15.30 15.16 15.02 14.89 14.77 14.65 14.53 14.41 14.30 14.20 14.09 14.00 13.90 13.81 13.73 13.65 13.57 13.49 13.43 13.36 13.30 13.24 13.19 13.14 13.09 13.05 13.02 12.98 12.96 12.93 12.91 12.89 12.88 12.87 12.87 12.87 12.87 12.88 12.89 12.91 12.93 12.96 12.98 13.02 13.05 13.09 13.14 13.19 13.24 13.30 13.36 13.43 13.49 13.57 13.65 13.73 13.81 13.90 14.00 14.09 14.20 14.30
17.72 17.52 17.32 17.13 16.94 16.76 16.58 16.40 16.23 16.07 15.90 15.74 15.59 15.44 15.29 15.15 15.01 14.87 14.74 14.62 14.49 14.38 14.26 14.15 14.05 13.94 13.85 13.75 13.66 13.58 13.49 13.42 13.34 13.27 13.21 13.15 13.09 13.04 12.99 12.94 12.90 12.87 12.83 12.80 12.78 12.76 12.74 12.73 12.72 12.72 12.72 12.72 12.73 12.74 12.76 12.78 12.80 12.83 12.87 12.90 12.94 12.99 13.04 13.09 13.15 13.21 13.27 13.34 13.42 13.49 13.58 13.66 13.75 13.85 13.94 14.05 14.15
17.57 17.37 17.18 16.98 16.80 16.61 16.43 16.26 16.09 15.92 15.76 15.60 15.44 15.29 15.14 15.00 14.86 14.73 14.60 14.47 14.35 14.23 14.11 14.00 13.90 13.80 13.70 13.60 13.51 13.43 13.35 13.27 13.20 13.13 13.06 13.00 12.94 12.89 12.84 12.80 12.76 12.72 12.69 12.66 12.63 12.61 12.60 12.58 12.58 12.57 12.57 12.58 12.58 12.60 12.61 12.63 12.66 12.69 12.72 12.76 12.80 12.84 12.89 12.94 13.00 13.06 13.13 13.20 13.27 13.35 13.43 13.51 13.60 13.70 13.80 13.90 14.00
17.43 17.23 17.03 16.84 16.65 16.47 16.29 16.11 15.94 15.78 15.61 15.45 15.30 15.15 15.00 14.86 14.72 14.58 14.45 14.33 14.20 14.09 13.97 13.86 13.76 13.65 13.56 13.46 13.37 13.29 13.20 13.13 13.05 12.98 12.92 12.86 12.80 12.75 12.70 12.65 12.61 12.58 12.54 12.52 12.49 12.47 12.45 12.44 12.43 12.43 12.43 12.43 12.44 12.45 12.47 12.49 12.52 12.54 12.58 12.61 12.65 12.70 12.75 12.80 12.86 12.92 12.98 13.05 13.13 13.20 13.29 13.37 13.46 13.56 13.65 13.76 13.86
17.29 17.09 16.89 16.70 16.51 16.33 16.15 15.98 15.80 15.64 15.47 15.31 15.16 15.01 14.86 14.72 14.58 14.45 14.31 14.19 14.07 13.95 13.83 13.72 13.62 13.51 13.42 13.32 13.23 13.15 13.07 12.99 12.92 12.85 12.78 12.72 12.66 12.61 12.56 12.52 12.47 12.44 12.40 12.38 12.35 12.33 12.32 12.30 12.29 12.29 12.29 12.29 12.30 12.32 12.33 12.35 12.38 12.40 12.44 12.47 12.52 12.56 12.61 12.66 12.72 12.78 12.85 12.92 12.99 13.07 13.15 13.23 13.32 13.42 13.51 13.62 13.72
17.16 16.96 16.76 16.57 16.38 16.20 16.02 15.84 15.67 15.50 15.34 15.18 15.02 14.87 14.73 14.58 14.45 14.31 14.18 14.05 13.93 13.81 13.70 13.59 13.48 13.38 13.28 13.19 13.10 13.01 12.93 12.85 12.78 12.71 12.65 12.58 12.53 12.47 12.43 12.38 12.34 12.30 12.27 12.24 12.22 12.20 12.18 12.17 12.16 12.16 12.16 12.16 12.17 12.18 12.20 12.22 12.24 12.27 12.30 12.34 12.38 12.43 12.47 12.53 12.58 12.65 12.71 12.78 12.85 12.93 13.01 13.10 13.19 13.28 13.38 13.48 13.59
17.02 16.82 16.63 16.44 16.25 16.07 15.89 15.71 15.54 15.37 15.21 15.05 14.89 14.74 14.60 14.45 14.31 14.18 14.05 13.92 13.80 13.68 13.57 13.46 13.35 13.25 13.15 13.06 12.97 12.88 12.80 12.72 12.65 12.58 12.52 12.45 12.40 12.34 12.29 12.25 12.21 12.17 12.14 12.11 12.09 12.07 12.05 12.04 12.03 12.03 12.03 12.03 12.04 12.05 12.07 12.09 12.11 12.14 12.17 12.21 12.25 12.29 12.34 12.40 12.45 12.52 12.58 12.65 12.72 12.80 12.88 12.97 13.06 13.15 13.25 13.35 13.46
16.90 16.70 16.50 16.31 16.12 15.94 15.76 15.58 15.41 15.25 15.08 14.92 14.77 14.62 14.47 14.33 14.19 14.05 13.92 13.80 13.67 13.56 13.44 13.33 13.23 13.12 13.03 12.93 12.84 12.76 12.67 12.60 12.52 12.45 12.39 12.33 12.27 12.22 12.17 12.12 12.08 12.05 12.01 11.98 11.96 11.94 11.92 11.91 11.90 11.90 11.90 11.90 11.91 11.92 11.94 11.96 11.98 12.01 12.05 12.08 12.12 12.17 12.22 12.27 12.33 12.39 12.45 12.52 12.60 12.67 12.76 12.84 12.93 13.03 13.12 13.23 13.33
16.78 16.58 16.38 16.19 16.00 15.82 15.64 15.46 15.29 15.12 14.96 14.80 14.65 14.49 14.35 14.20 14.07 13.93 13.80 13.67 13.55 13.43 13.32 13.21 13.10 13.00 12.90 12.81 12.72 12.63 12.55 12.47 12.40 12.33 12.27 12.20 12.15 12.09 12.05 12.00 11.96 11.92 11.89 11.86 11.84 11.82 11.80 11.79 11.78 11.78 11.78 11.78 11.79 11.80 11.82 11.84 11.86 11.89 11.92 11.96 12.00 12.05 12.09 12.15 12.20 12.27 12.33 12.40 12.47 12.55 12.63 12.72 12.81 12.90 13.00 13.10 13.21
16.66 16.46 16.26 16.07 15.88 15.70 15.52 15.34 15.17 15.00 14.84 14.68 14.53 14.38 14.23 14.09 13.95 13.81 13.68 13.56 13.43 13.31 13.20 13.09 12.98 12.88 12.78 12.69 12.60 12.52 12.43 12.36 12.28 12.21 12.15 12.09 12.03 11.98 11.93 11.88 11.84 11.80 11.77 11.74 11.72 11.70 11.68 11.67 11.66 11.66 11.66 11.66 11.67 11.68 11.70 11.72 11.74 11.77 11.80 11.84 11.88 11.93 11.98 12.03 12.09 12.15 12.21 12.28 12.36 12.43 12.52 12.60 12.69 12.78 12.88 12.98 13.09
16.54 16.34 16.15 15.96 15.77 15.58 15.40 15.23 15.06 14.89 14.73 14.57 14.41 14.26 14.11 13.97 13.83 13.70 13.57 13.44 13.32 13.20 13.09 12.98 12.87 12.77 12.67 12.58 12.49 12.40 12.32 12.24 12.17 12.10 12.03 11.97 11.92 11.86 11.81 11.77 11.73 11.69 11.66 11.63 11.60 11.58 11.57 11.56 11.55 11.54 11.54 11.55 11.56 11.57 11.58 11.60 11.63 11.66 11.69 11.73 11.77 11.81 11.86 11.92 11.97 12.03 12.10 12.17 12.24 12.32 12.40 12.49 12.58 12.67 12.77 12.87 12.98
16.43 16.23 16.04 15.85 15.66 15.47 15.29 15.12 14.95 14.78 14.62 14.46 14.30 14.15 14.00 13.86 13.72 13.59 13.46 13.33 13.21 13.09 12.98 12.87 12.76 12.66 12.56 12.47 12.38 12.29 12.21 12.13 12.06 11.99 11.92 11.86 11.80 11.75 11.70 11.66 11.62 11.58 11.55 11.52 11.49 11.47 11.46 11.45 11.44 11.43 11.43 11.44 11.45 11.46 11.47 11.49 11.52 11.55 11.58 11.62 11.66 11.70 11.75 11.80 11.86 11.92 11.99 12.06 12.13 12.21 12.29 12.38 12.47 12.56 12.66 12.76 12.87
16.33 16.13 15.93 15.74 15.55 15.37 15.19 15.01 14.84 14.67 14.51 14.35 14.20 14.05 13.90 13.76 13.62 13.48 13.35 13.23 13.10 12.98 12.87 12.76 12.65 12.55 12.45 12.36 12.27 12.18 12.10 12.03 11.95 11.88 11.82 11.76 11.70 11.65 11.60 11.55 11.51 11.47 11.44 11.41 11.39 11.37 11.35 11.34 11.33 11.33 11.33 11.33 11.34 11.35 11.37 11.39 11.41 11.44 11.47 11.51 11.55 11.60 11.65 11.70 11.76 11.82 11.88 11.95 12.03 12.10 12.18 12.27 12.36 12.45 12.55 12.65 12.76
16.22 16.02 15.83 15.64 15.45 15.27 15.09 14.91 14.74 14.57 14.41 14.25 14.09 13.94 13.80 13.65 13.51 13.38 13.25 13.12 13.00 12.88 12.77 12.66 12.55 12.45 12.35 12.26 12.17 12.08 12.00 11.92 11.85 11.78 11.72 11.65 11.60 11.54 11.49 11.45 11.41 11.37 11.34 11.31 11.29 11.27 11.25 11.24 11.23 11.23 11.23 11.23 11.24 11.25 11.27 11.29 11.31 11.34 11.37 11.41 11.45 11.49 11.54 11.60 11.65 11.72 11.78 11.85 11.92 12.00 12.08 12.17 12.26 12.35 12.45 12.55 12.66
16.13 15.93 15.73 15.54 15.35 15.17 14.99 14.81 14.64 14.47 14.31 14.15 14.00 13.85 13.70 13.56 13.42 13.28 13.15 13.03 12.90 12.78 12.67 12.56 12.45 12.35 12.25 12.16 12.07 11.98 11.90 11.83 11.75 11.68 11.62 11.56 11.50 11.45 11.40 11.35 11.31 11.27 11.24 11.21 11.19 11.17 11.15 11.14 11.13 11.13 11.13 11.13 11.14 11.15 11.17 11.19 11.21 11.24 11.27 11.31 11.35 11.40 11.45 11.50 11.56 11.62 11.68 11.75 11.83 11.90 11.98 12.07 12.16 12.25 12.35 12.45 12.56
16.03 15.83 15.64 15.45 15.26 15.07 14.89 14.72 14.55 14.38 14.22 14.06 13.90 13.75 13.60 13.46 13.32 13.19 13.06 12.93 12.81 12.69 12.58 12.47 12.36 12.26 12.16 12.07 11.98 11.89 11.81 11.73 11.66 11.59 11.52 11.46 11.40 11.35 11.30 11.26 11.22 11.18 11.15 11.12 11.09 11.07 11.06 11.05 11.04 11.03 11.03 11.04 11.05 11.06 11.07 11.09 11.12 11.15 11.18 11.22 11.26 11.30 11.35 11.40 11.46 11.52 11.59 11.66 11.73 11.81 11.89 11.98 12.07 12.16 12.26 12.36 12.47
15.94 15.74 15.55 15.36 15.17 14.98 14.80 14.63 14.46 14.29 14.13 13.97 13.81 13.66 13.51 13.37 13.23 13.10 12.97 12.84 12.72 12.60 12.49 12.38 12.27 12.17 12.07 11.98 11.89 11.80 11.72 11.64 11.57 11.50 11.43 11.37 11.32 11.26 11.21 11.17 11.13 11.09 11.06 11.03 11.00 10.98 10.97 10.96 10.95 10.94 10.94 10.95 10.96 10.97 10.98 11.00 11.03 11.06 11.09 11.13 11.17 11.21 11.26 11.32 11.37 11.43 11.50 11.57 11.64 11.72 11.80 11.89 11.98 12.07 12.17 12.27 12.38
15.86 15.66 15.46 15.27 15.08 14.90 14.72 14.54 14.37 14.20 14.04 13.88 13.73 13.58 13.43 13.29 13.15 13.01 12.88 12.76 12.63 12.52 12.40 12.29 12.18 12.08 11.98 11.89 11.80 11.72 11.63 11.56 11.48 11.41 11.35 11.29 11.23 11.18 11.13 11.08 11.04 11.00 10.97 10.94 10.92 10.90 10.88 10.87 10.86 10.86 10.86 10.86 10.87 10.88 10.90 10.92 10.94 10.97 11.00 11.04 11.08 11.13 11.18 11.23 11.29 11.35 11.41 11.48 11.56 11.63 11.72 11.80 11.89 11.98 12.08 12.18 12.29
15.78 15.58 15.38 15.19 15.00 14.82 14.64 14.46 14.29 14.12 13.96 13.80 13.65 13.49 13.35 13.20 13.07 12.93 12.80 12.67 12.55 12.43 12.32 12.21 12.10 12.00 11.90 11.81 11.72 11.63 11.55 11.47 11.40 11.33 11.27 11.20 11.15 11.09 11.05 11.00 10.96 10.92 10.89 10.86 10.84 10.82 10.80 10.79 10.78 10.78 10.78 10.78 10.79 10.80 10.82 10.84 10.86 10.89 10.92 10.96 11.00 11.05 11.09 11.15 11.20 11.27 11.33 11.40 11.47 11.55 11.63 11.72 11.81 11.90 12.00 12.10 12.21
15.70 15.50 15.30 15.11 14.92 14.74 14.56 14.38 14.21 14.05 13.88 13.72 13.57 13.42 13.27 13.13 12.99 12.85 12.72 12.60 12.47 12.36 12.24 12.13 12.03 11.92 11.83 11.73 11.64 11.56 11.47 11.40 11.32 11.25 11.19 11.13 11.07 11.02 10.97 10.92 10.88 10.85 10.81 10.78 10.76 10.74 10.72 10.71 10.70 10.70 10.70 10.70 10.71 10.72 10.74 10.76 10.78 10.81 10.85 10.88 10.92 10.97 11.02 11.07 11.13 11.19 11.25 11.32 11.40 11.47 11.56 11.64 11.73 11.83 11.92 12.03 12.13
15.62 15.42 15.23 15.04 14.85 14.67 14.49 14.31 14.14 13.97 13.81 13.65 13.49 13.34 13.20 13.05 12.92 12.78 12.65 12.52 12.40 12.28 12.17 12.06 11.95 11.85 11.75 11.66 11.57 11.48 11.40 11.32 11.25 11.18 11.12 11.05 11.00 10.94 10.89 10.85 10.81 10.77 10.74 10.71 10.69 10.67 10.65 10.64 10.63 10.63 10.63 10.63 10.64 10.65 10.67 10.69 10.71 10.74 10.77 10.81 10.85 10.89 10.94 11.00 11.05 11.12 11.18 11.25 11.32 11.40 11.48 11.57 11.66 11.75 11.85 11.95 12.06
15.56 15.36 15.16 14.97 14.78 14.60 14.42 14.24 14.07 13.90 13.74 13.58 13.43 13.27 13.13 12.98 12.85 12.71 12.58 12.45 12.33 12.21 12.10 11.99 11.88 11.78 11.68 11.59 11.50 11.41 11.33 11.25 11.18 11.11 11.05 10.98 10.93 10.87 10.83 10.78 10.74 10.70 10.67 10.64 10.62 10.60 10.58 10.57 10.56 10.56 10.56 10.56 10.57 10.58 10.60 10.62 10.64 10.67 10.70 10.74 10.78 10.83 10.87 10.93 10.98 11.05 11.11 11.18 11.25 11.33 11.41 11.50 11.59 11.68 11.78 11.88 11.99
